1772906842
1775277898
1775287778
1775293171
1775301824
1775309594
1775313428
1775316042
1775810403
1775811457
1775811510
1775815165
1775822793
1775829556
1775842678
1775843543
1777438959
1777439048
1777444974
1777449827
1777454730
1777459410
1777459774
1777463511
1777466495
1777469241
1777470837
1777485616
1778132221
1778137114
1778137758
1778142064
1778143580
1778148070
1778151563
1778151601
1778170646
1778175477
1778214917
1778216041
1778219459
1778222970
1778223029
1778225545
1778226921
1778230503
1778230883
1778239263
1778243617
1778245691
1778249565
1778255619
1778264691
1778733343
1778734134
1778737116
1778744688
1778746153
1778749068
1778754681
1778763368
1778774768
1778779291
1780132869
1780135723
1780141395
1780145733
1780163551
1780292195
1780301014
1780317292
1780327449
1780331091
1780376805
1780378803
1780391668
1780402528
1780402699
1780406592
1780417155
1780417628
1780472577
1780478977
1780491788
1780506419
1780507054
1780645080
1780653402
1780659517
1780664667
1780670441
1781075556
1781076452
1781083454
1781083907
1781088280
1781090539
1781098146
1781099672
1781101404
1781110902
